27 Tristan 584 -1 6 Braydon 26154 11 Duncan 11809 1 Seane 23543 31 Ambanimoh 9330 44 Duncan 13486 36 Mohammad-Bilal 9855 7 Dominik 9427 48 Steven 10268 32 Hong 13066 45 Arsalan 31262 16 Hong 29924 -1 -1 -1 -1 -1 49 Hong 17529 15 Nick 17860 18 Ace 22107 -1 19 Arsalan 13901 -1 -1 -1 -1 -1 -1 29 Mohammad-Bilal 3891 -1 -1 -1 2 Ambanimoh 18930 -1 34 Braydon 13053 21 Duriel 8573 -1 8 Cinar 28904 20 Franklin 3581 -1 -1 -1 -1 46 Kallan 23481 30 Cinar 30776 -1 -1 39 Franklin 2034 -1 35 Kallan 21864 -1 43 Kofi 22670 38 Logan-Rhys 16646 41 Steven 3448 40 Zijie 11206 5 Calib 19947 22 Tibet 21061 23 Franklin 11093 10 Zijie 10870 14 Hong 27994 -1 -1 17 Logan-Rhys 9167 -1 47 Steven 13262 -1 50 Rajan 23639 -1 25 Kofi 6599 28 Tristan 30544 -1 13 Braydon 17446 4 Duriel 30143 -1 -1 42 Steven 11783 -1 -1 -1 3 Dominik 6116 -1 37 Franklin 21542 9 Calib 2075 -1 24 Duncan 10564 -1 -1 -1 -1 -1 33 Ambanimoh 6744 26 Rajan 26312 12 Kofi 24506 -1 -1 -1 -1 -1 -1 -1 
17153.18
27 6 46 39 35 43 38 41 40 5 22 23 10 17 47 50 25 28 13 
27 6 46 39 35 43 38 41 40 5 22 23 10 17 47 50 25 28 13 
27 28 
30 8 
11783.00
6
43 12 25 
39
27 6 46 39 35 43 38 41 40 5 22 23 10 17 47 
27 6 46 39 35 43 
6
40
11 44 24 
45 19 
24506.00
6
30776.00
27 6 11 1 31 44 
11
46
30776.00
6
27 6 11 1 31 44 36 7 48 32 45 
6
17822.88
11
27 6 11 1 31 44 36 7 48 32 
18004.00
17956.00
15730.05
2 31 33 
22 
6
29924.00
6
27 28 
26 50 
20025.67
15741.35
40
2 31 33 
27 6 11 1 31 44 36 7 
27 6 11 1 31 44 36 
22
30776.00
11
25409.00
41 48 47 42 
49 32 16 14 
11 44 24 
2 31 33 
41
41 48 47 42 
6
30776.00
15730.05
30143.00
27 6 46 39 35 43 38 41 40 33 26 
13686.00
15522.47
46 35 
6
3581.00
27 6 46 39 35 43 38 41 40 5 22 23 10 17 47 50 
27 6 46 39 35 43 38 41 40 5 22 23 3 37 9 
40
6
40
6
5
27 6 11 2 
27 6 46 39 35 43 38 41 40 5 22 23 10 
27 6 46 39 35 
27 6 46 39 35 43 38 41 40 5 22 23 3 37 9 
45 19 
21130.00
27 6 11 1 31 44 36 7 48 32 45 
27 6 46 39 35 43 38 41 40 5 22 23 3 37 
18144.70
27 6 46 39 35 43 38 41 40 5 22 23 10 17 47 50 
16326.22
17519.90
15741.35
10074.25
6
19303.00
40
26 50 
27
27 6 11 
6
38 17 
43 12 25 
3581.00
27 6 46 39 35 43 38 41 40 5 22 23 10 
40 10 
30 8 
15522.47
6
14608.20
18004.00
6
7 3 
6
16057.38
18144.70
2 31 33 
41 48 47 42 
11 44 24 
15769.87
6
38 17 
27 6 11 2 34 21 8 
11
27 6 46 39 35 43 38 41 40 5 22 23 
36
44
38
27 6 46 39 35 43 38 41 40 5 22 23 3 
27 6 46 39 35 43 38 41 40 5 22 
6 34 13 
27 6 46 39 35 43 38 41 40 5 22 23 3 
27 6 11 1 
27 6 11 1 31 44 36 
2 31 33 
11 44 24 
6 34 13 
6
1
15 
27 6 11 1 31 44 36 7 48 
18371.56
16289.64
13901.00
46 35 
6
10
6
6 34 13 
11 44 24 
27 6 46 39 35 43 38 41 40 5 22 23 
27 6 11 1 31 44 36 7 49 15 
6 34 13 
3891.00
27 6 46 39 35 43 38 41 40 5 22 23 3 37 9 
16057.38
27 6 46 39 35 43 38 41 40 33 
6
27 28 
31
5
21 4 
16103.50
38
29 36 
27 6 46 39 35 43 38 41 40 5 22 23 10 17 47 50 25 
41 48 47 42 
27 6 11 1 31 44 36 7 49 15 
46 35 
6 34 13 
30 8 
27 6 46 39 35 43 38 41 40 5 22 23 10 17 
6
15514.95
36
39 20 23 37 
16108.53
16103.50
16242.50
6
27 6 46 39 35 43 38 41 40 5 22 23 
6
16289.64
41 48 47 42 
10564.00
15868.62
30593.00
26 50 
27 6 46 39 35 43 38 41 40 5 22 23 10 17 47 50 25 28 
15522.47
27 6 46 39 35 43 38 41 40 
11783.00
44
11
27 
6
29 36 
27 28 
6319.50
27 6 46 39 35 43 38 41 40 5 22 23 10 17 47 50 25 28 
49 32 16 14 
6 34 13 
27 6 46 39 35 43 38 41 40 5 22 
27 6 46 39 35 43 38 41 40 
27 6 46 39 35 43 38 41 40 5 22 23 10 17 47 50 25 
43 12 25 
27 6 46 39 35 43 38 41 40 5 22 23 10 17 47 50 25 28 13 
39 20 23 37 
6
