1 5 6 16 19 -1 31 59 -1 -1 -1 -1 8 12 47 -1 -1 22 -1 27 -1 36 -1 -1 20 -1 62 -1 -1 7 10 21 -1 26 39 -1 -1 -1 18 37 -1 63 -1 -1 24 45 -1 -1 25 46 -1 -1 32 -1 34 -1 -1 11 15 -1 -1 23 29 -1 -1 -1 2 17 35 51 -1 61 -1 -1 49 -1 -1 30 40 44 50 -1 -1 -1 55 -1 -1 58 -1 -1 3 4 13 42 57 -1 -1 43 -1 -1 38 -1 53 -1 -1 14 54 -1 -1 60 -1 -1 9 28 33 -1 48 -1 -1 52 -1 56 -1 -1 41 -1 -1 
1 5 6 16 19 31 59 8 12 47 22 27 36 20 62 7 10 21 26 39 18 37 63 24 45 25 46 32 34 11 15 23 29 2 17 35 51 61 49 30 40 44 50 55 58 3 4 13 42 57 43 38 53 14 54 60 9 28 33 48 52 56 41 
14

3
2
13
2
1
42


4
5
37 
3
40 
31
6
5
17
11
9
4
33
4 42 38 
40 
35


8
5
22
11 29 
2
5 2 
1
6
5
10
9
9


3
7
10

22 36 
9

11 
2

3
2
4
17
14 
7
6
27
3
4
11
3
3 28 41 
1
9

11
2
1

2

2
13 57 43 
6

2
17
6


26
3
5
22 36 
12
30
30 44 55 
2
16 8 10 11 35 30 4 9 

5 10 11 
5
2
26 
7
3 13 14 
1
5
7
2
12
2
5
10
1
5
3
25 
5
42 
1

12


25
6
6
7
16
3
2 35 30 
21 39 
8
16 31 
24
2
6
4
3
3
7
11 
7
4
51
10
10
5
4
5
13
3
10 26 
8
18 45 25 
6
1 17 3 

19 12 20 21 18 15 23 51 49 40 58 13 14 28 41 

7
7

4
28 56 
1
27 
4
1
59 27 39 63 45 25 50 57 43 53 48 56 
9
8

9

6
7
17 51 49 

9 
5
31 
2
9
10 26 
5
9
3
8

4 54 60 
6
32 
40 50 
3
10

5

2 35 30 
10
6
3
6
4
9
52 
10

22 36 
13
31
3
3
3
5
8

3
6
20 
52 
5 10 11 
1
24
3
5
4
2 35 30 
30
7
3
3
3
10
7
6
2

4
5
30
1
44 
4
14
1 17 3 
2

6
5

2
42

7 15 23 
2
24 46 32 

4
19 59 
3
1
1
7 15 23 
5 16 8 
3
2
6
9
3
3
7

37
3
8
27
5

0

3
3

1

38 

7
6
2
7
2 35 30 
6
4
5
6 19 
6
23 


3
1
4
3
2
5
3
3
6 7 17 3 
35 61 
5
7 15 23 
11
4
3
3
7
6

5
1

25
5
10

3
13 53 
2
12 
26
8
10
28
7
1
7
17 40 58 
1
3
16
9
3
1
7
10 26 
9
5
14
6
2
10
3
4
1
16
2

17
1

25 34 
2
35 61 
0

7
2
3
30 44 55 
13 57 43 

5
25
5 2 
6
2
5
8

5
10
25
10 37 24 

24 
3
2
5
1
5

3
1
3
3
4
5
31 
51
1
1

18 63 
10 37 24 
7
8
7
10 26 
38
6


6
5

23
12
5

5

3
2
2
10
12 
17
1
35 
1
9
5
2
14 
4

14 
3
5
7 21 18 
40
6 7 17 3 
1
3
5 2 

42
1
6
3
6

12 
5
14 
3

9 
1
6
5
8
1

2
33
23 
20
31
19
13
35

0
17 40 58 
1
5
10
8
5
5
7 21 18 

2
51
3
25
2

2
2
1
42 
1
3
6
9
14 

6
3
6
7
35 61 
25
9

25
7
25 
5
18
28 56 
19 59 
36 46 32 
21
17
18 63 
7
7
19 59 
11


21 39 
13
23
3
9

23 
6
2 35 30 
7

1
0
4
2

1
3
3
3
8
6
5
2
3 28 41 
17 40 58 
8
2
3

5
4
3
3
31 47 22 62 26 37 24 29 61 44 55 42 38 54 60 33 52 
16 31 
7

5
3
9

1
3
5
8

2

7
3
2
28
0
7 21 18 
4
11

8 62 
6
3

19 12 20 21 18 15 23 51 49 40 58 13 14 28 41 
4
9
7
2

6 7 17 3 



12
4
11
4
11
3
23 
0
6
14 

1
2
4
5
3
3

3
2
5
3
7
6
1
6
13
10
52
2
8
11
52 
5


8
5

9
2
30 44 55 
7
10
4
8 47 22 
9 33 52 
8
6 7 17 3 
2
30 44 55 
6 12 20 
6
18
4
9
1
42 
2
16 8 10 11 35 30 4 9 
22

3
5
27 
1
3
7
1
8
5

8
28 56 
1
5
2
59 27 39 63 45 25 50 57 43 53 48 56 
28
8


3
52
6 19 
19 59 
4

31 
4
11
10
5
12 27 

25
7
31 
5
1
14 
28
24 
8
26
1
14 
40 

2
51 
6 19 

8
5
4
12
3
9
7
19 12 20 21 18 15 23 51 49 40 58 13 14 28 41 
2
5

1
2

28

6
7
8
1
2
52 


11
18 45 25 
16
9
5
8

3

6 7 17 3 
13
25
18 63 
6
17 51 49 
1
5
6
3
14
2
-1
52
8
10

6
2
7 21 18 
38
14
40 50 
6
24 
5
25
3
8

1
28
5
7
30
1
4

5
3
12 

6
5
25
28 56 
1
11
9
2
6 19 
6
1
21 39 
18
2 4 9 
4
2
1
22
5
8

10
32

5

2
11
38
3
11
37
4 42 38 
3

42 
3
16 8 10 11 35 30 4 9 
1

9 33 52 
11
5
4
8
19
6
59 27 39 63 45 25 50 57 43 53 48 56 
6
4
4

4
23 


4
3

4 42 38 
4 42 38 
4 42 38 
4 42 38 
4 42 38 
4 42 38 
4 42 38 
4 42 38 
4 42 38 
4 42 38 
4 42 38 
4 42 38 
4 42 38 
4 42 38 
4 42 38 
4 42 38 
4 42 38 
4 42 38 
4 42 38 
4 42 38 
4 42 38 
4 42 38 
4 42 38 
4 42 38 
4 42 38 
4 42 38 
4 42 38 
4 42 38 
4 42 38 
4 42 38 
4 42 38 
4 42 38 
4 42 38 
4 42 38 
4 42 38 
4 42 38 
4 42 38 
4 42 38 
4 42 38 
4 42 38 
4 42 38 
4 42 38 
4 42 38 
4 42 38 
4 42 38 
4 42 38 
4 42 38 
4 42 38 
4 42 38 
4 42 38 
4 42 38 
4 42 38 
4 42 38 
4 42 38 
4 42 38 
4 42 38 
4 42 38 
4 42 38 
4 42 38 
4 42 38 
4 42 38 
4 42 38 
4 42 38 
4 42 38 
4 42 38 
4 42 38 
4 42 38 
4 42 38 
4 42 38 
4 42 38 
4 42 38 
4 42 38 
4 42 38 
4 42 38 
4 42 38 
4 42 38 
4 42 38 
4 42 38 
4 42 38 
4 42 38 
4 42 38 
4 42 38 
4 42 38 
4 42 38 
4 42 38 
4 42 38 
4 42 38 
4 42 38 
4 42 38 
4 42 38 
4 42 38 
4 42 38 
4 42 38 
4 42 38 
4 42 38 
4 42 38 
4 42 38 
4 42 38 
4 42 38 
4 42 38 
4 42 38 
4 42 38 
4 42 38 
4 42 38 
4 42 38 
4 42 38 
4 42 38 
4 42 38 
4 42 38 
4 42 38 
4 42 38 
4 42 38 
4 42 38 
4 42 38 
4 42 38 
4 42 38 
4 42 38 
4 42 38 
4 42 38 
4 42 38 
4 42 38 
4 42 38 
4 42 38 
4 42 38 
4 42 38 
4 42 38 
4 42 38 
4 42 38 
4 42 38 
4 42 38 
4 42 38 
4 42 38 
4 42 38 
4 42 38 
4 42 38 
4 42 38 
4 42 38 
4 42 38 
4 42 38 
4 42 38 
4 42 38 
4 42 38 
4 42 38 
4 42 38 
4 42 38 
4 42 38 
4 42 38 
4 42 38 
4 42 38 
4 42 38 
4 42 38 
4 42 38 
4 42 38 
4 42 38 
4 42 38 
4 42 38 
4 42 38 
4 42 38 
4 42 38 
