1 3 4 7 10 13 19 -1 -1 -1 56 71 -1 -1 58 -1 -1 24 64 -1 95 -1 -1 31 -1 57 -1 -1 34 62 92 -1 -1 94 -1 -1 38 41 -1 93 -1 -1 49 66 -1 -1 51 -1 -1 6 11 79 -1 -1 32 63 -1 -1 72 91 -1 -1 -1 29 35 44 77 -1 -1 50 -1 -1 60 76 -1 -1 74 -1 -1 48 54 55 -1 -1 90 -1 -1 53 -1 -1 2 5 15 22 82 -1 -1 36 67 -1 70 -1 -1 -1 43 61 -1 -1 73 -1 -1 21 25 26 75 83 -1 -1 80 -1 -1 -1 85 -1 -1 39 47 -1 78 -1 -1 40 -1 -1 8 12 18 68 -1 -1 45 87 -1 -1 59 86 -1 -1 -1 20 30 -1 88 -1 -1 27 37 -1 -1 33 -1 -1 9 23 52 89 -1 -1 -1 65 -1 84 -1 -1 14 17 28 69 -1 -1 -1 46 -1 81 -1 -1 16 -1 42 -1 -1 
1 3 4 7 10 13 19 56 71 58 24 64 95 31 57 34 62 92 94 38 41 93 49 66 51 6 11 79 32 63 72 91 29 35 44 77 50 60 76 74 48 54 55 90 53 2 5 15 22 82 36 67 70 43 61 73 21 25 26 75 83 80 85 39 47 78 40 8 12 18 68 45 87 59 86 20 30 88 27 37 33 9 23 52 89 65 84 14 17 28 69 46 81 16 42 
13

30

5
26 83 80 
2


4
6
1
6
10
3
43
1

4
6
11

60 

3
10

7

7
20
12

6
31 
5

5
39
1
1


4
9
3
4
11
1
2
7

7
5
1
75

54 
5
6
3
27 
6
67 


54 
4
1
5
48
38
5
12
5
5

35 76 74 
20
4
1
17 69 

21 26 85 
17 81 

1
27 

13
9 52 65 
3


25
10 24 62 38 79 32 35 48 22 43 25 39 18 20 23 14 
9
5
2
1 5 8 
10 24 62 38 79 32 35 48 22 43 25 39 18 20 23 14 
9
5 22 43 
8 18 20 


7
4
7
10
29 44 60 

6
4
12
5
52
5
67
56 
1
1
3
3
5
7 34 11 29 15 21 12 9 
7
1
1
1
3
5
9

3
3
27 
44 
1 5 8 
1
49 
7

2
4

27 
70 83 80 86 69 81 
3
4
22 

4
1
11

7
3
18
6
1

45
6 79 32 
4
2
13
13
23
9
6
3
3
49 
12
45
8

60
3 2 
15 61 73 
1
5
22

28
4
10 71 58 

6
17 69 
43 
11
1
56 
3
1
11
6
0
3
5
1
20 88 
9
1
25
5
4 6 5 8 
2

48

1
4
13
3
70 83 80 86 69 81 
5
4

1
9
56 
2
7 13 56 
15
65 
3
3
21
5
1
7
1
10

5
3

60 
7 13 56 
5
3
21
1
3

3 11 29 

1 4 6 
4


3
39 
48 
2
21
59
34 92 94 
3

4
13
5
13
12 68 45 
11
62
48
11
65
3
75

22
2
15
5
2

1
3
5
10


19 71 58 95 57 93 66 51 91 77 50 76 74 55 90 67 75 78 87 59 88 37 33 89 84 28 46 42 
3
3
11
6
11
2
36
6
3
2 15 21 
14

1

0
3
1



3

24
30 

56 
8
38 93 
30

52
5
67 

44 

27
38 93 
10
6 79 32 
5
56
6
6
2

11
2
6

16 
5
1
9
6
3
2
7
35

10
2
4
1
6
2
3
5

9
4
6 79 32 
11

62 
75 
11
1
12
7
5
6
6 35 48 
3
25
19 71 58 95 57 93 66 51 91 77 50 76 74 55 90 67 75 78 87 59 88 37 33 89 84 28 46 42 
2
60 

7 13 56 
1
3 7 34 
6

54 

36 70 
3
4
4
49
5
7
2
22 67 
8
35 77 50 
2
6
39 78 
32
10

14 42 

22
10 71 58 

5
3

12
6
8 23 14 
10 71 58 
2
1
1

4
10
-1

11
13 56 64 31 92 94 41 49 63 72 44 60 54 53 82 36 61 73 26 85 47 40 68 45 30 27 52 65 17 16 
30 

1
8
44 
3
1
30 
6
15 82 36 
60
8
34
5
8
13 
18
3
4 62 38 
32
3 7 34 
6

3

54
7
6
21
20
11
1
5
3
2
39
5
1
7

6
3

7 64 31 
4
4

7 64 31 
3

1
15 82 36 
10
5
29
5
18 
11

4 62 38 
12
8
9
24
1

3
6
1
5
17

5
3
4



4
54 
48
10

30
45
3
7
1
3

9
5
6
7


11 
2
4
5
1

1
10 19 
3
6

48 55 90 
3
1
2
10
3
2
3
5
2
4
43 

12
48
65
1
34 41 49 
4
65 
5
10 24 62 38 79 32 35 48 22 43 25 39 18 20 23 14 
29

2

3 2 
5
59

2
38
1
4
29

10 24 62 38 79 32 35 48 22 43 25 39 18 20 23 14 

34
10
3
15 61 73 

12
7
2
3

11 
35
1

39

28
54
3
4


5

1
29
2
2
12
9
45
4
3
3
1
25 
17 69 


5
56 
18 87 59 
11
41 
6
15
52
62
75 
56 



49 
32
5
3
6
5
9
10 19 
6
12
3
6
75
7

8
7
5
56 
52
2
8
27 
5
3
9
21
2 12 9 
7
4
8


3
3

59 
10
1
7
31
3
13 
4
21

3

52 
2
30
1
15
2
1

5
5
4

9
3 7 34 
4

15 61 73 
59 
12
45 
5
52 
3
10
64
26 83 80 
3
35

12 30 27 

9
5
27 
25 75 
1
12
6
1
23
5
48
4 10 24 
14 28 46 
48 

54
11

12
3
3
9
6
1
54
3
1
34 92 94 
3
5
6
23
43 
1
15
1
5
29
23
5
2 15 21 
3
62 
4
1
5
5
7
3
59
18
44
13
45
8

7
59
59

4
4

60 


1
5 25 39 
48 
5
3
3

6
1
4
7
1
1

1
2

1
75 
41
15 82 36 
2
1 5 8 
56
2
24 95 
4
5
11
41
7
5
3 2 
10
5
5
22 

5
3
6

12
6
9

15
13 

3
45 
21 26 85 
0

6
5
9
6
6
12
1
39
2

1
52 
3
10

1
6

6
7
67 
3
1
1
2
4
6
6






















































































































































